# Dense waypoints from DORA_NAV map
# Waypoints extracted from mapping trajectory
# Format: x y (meters)
# Total waypoints: 91

-0.2129 0.2758
-0.4878 0.7026
-0.5340 1.2576
-0.5155 1.8026
-0.5050 2.3443
-0.4893 2.8459
-0.4561 3.3498
-0.4573 3.8548
-0.4430 4.4233
-0.3927 4.9822
-0.3981 5.5145
-0.3883 6.0225
-0.3837 6.5757
-0.3832 7.0970
-0.3640 7.6340
-0.2926 8.1464
-0.2154 8.7517
-0.1058 9.3509
-0.0168 9.9004
0.0150 10.5531
0.0941 11.2726
0.1501 11.7935
0.1906 12.3040
0.2721 12.8237
0.3486 13.4781
0.4271 14.0827
0.5108 14.6361
0.5672 15.1884
0.6165 15.7186
0.6732 16.2687
0.7247 16.7893
0.8156 17.2967
0.8669 17.8057
0.9575 18.3332
1.0027 18.8638
0.9570 19.3806
0.8919 19.9166
0.7136 20.4380
0.4742 20.9109
0.1814 21.3650
-0.0566 21.8091
-0.3922 22.2016
-0.6913 22.6248
-0.9955 23.0680
-1.2763 23.4994
-1.6080 23.8800
-1.9481 24.3350
-2.3100 24.7515
-2.6520 25.1463
-2.9905 25.5717
-3.3624 25.9397
-3.7099 26.3711
-4.1143 26.6712
-4.4413 27.0610
-4.7655 27.4441
-5.1248 27.8432
-5.4753 28.2255
-5.8643 28.5607
-6.2517 28.8991
-6.6537 29.2489
-7.0196 29.6520
-7.3904 30.0384
-7.7414 30.4339
-8.0696 30.8260
-8.3890 31.2450
-8.7098 31.6586
-9.0119 32.1286
-9.3481 32.5558
-9.6814 32.9843
-10.0230 33.4305
-10.3283 33.8342
-10.6225 34.2663
-10.9268 34.6731
-11.2047 35.0918
-11.5258 35.5544
-11.8104 36.0015
-12.0725 36.4638
-12.3529 36.9238
-12.5965 37.4250
-12.8930 37.8628
-13.2846 38.2519
-13.7719 38.4815
-14.3110 38.4322
-14.8257 38.4008
-15.3365 38.4042
-15.8341 38.3219
-16.2851 38.0491
-16.5085 37.5940
-16.5661 37.0867
-16.9989 36.7749
-17.1678 36.2555
